1 2 289
2 1 289
2 3 202
2 4 474
3 2 202
3 4 272
3 5 348
4 2 474
4 3 272
4 5 228
4 6 169
5 3 348
5 4 228
5 6 339
5 7 1068
5 9 457
6 4 169
6 8 442
6 7 276
6 5 339
7 5 1068
7 6 276
7 11 1757
7 8 442
8 6 442
8 7 442
8 12 352
9 5 457
9 10 416
9 11 366
10 9 416
10 11 489
10 13 523
10 14 314
10 15 399
10 16 294
11 7 1757
11 9 366
11 13 490
11 12 375
11 10 489
12 11 375
12 8 352
12 13 864
12 14 618
12 19 1704
12 20 2486
13 11 490
13 10 523
13 14 250
13 12 864
14 10 314
14 13 250
14 12 618
14 15 336
14 17 465
14 19 1091
15 16 359
15 10 399
15 14 336
15 17 465
16 10 294
16 15 359
16 17 469
16 18 717
17 14 465
17 15 465
17 18 997
17 16 469
17 21 509
17 19 629
18 16 717
18 17 997
18 21 652
18 19 499
18 22 296
18 23 225
19 14 1091
19 12 1704
19 20 783
19 22 393
19 21 331
19 18 499
19 17 629
20 12 2486
20 19 783
20 22 721
21 17 509
21 19 331
21 18 652
22 20 721
22 19 393
22 18 296
22 23 262
22 24 378
23 22 262
23 18 225
23 24 161
24 23 161
24 22 378